94
32 592
112 320
112 368
112 448
112 496
112 544
112 608
112 640
112 688
208 192
208 272
208 368
208 448
208 496
208 544
256 240
256 320
256 496
256 608
304 192
304 496
304 640
304 688
368 336
368 464
368 512
368 560
368 608
368 656
384 288
416 240
416 384
416 464
464 512
624 384
624 464
624 608
672 336
672 512
672 560
768 464
768 512
784 336
800 288
848 560
848 608
864 240
896 208
928 288
944 400
960 512
960 560
1024 336
1024 560
1024 608
1088 336
1136 336
1216 208
1216 256
1216 384
1216 448
1216 560
1216 608
1264 320
1280 656
1280 688
1360 448
1360 608
1360 656
1456 432
1456 608
1488 672
1504 432
1504 608
368 704
464 560
624 656
672 608
768 560
1024 208
1024 256
1024 400
1088 208
1088 448
1104 560
1104 608
1136 256
1136 384
1216 656
1312 256
1312 384
1360 208
1408 448
1408 560
0 6
6 5
6 7
6 18
5 4
5 14
4 13
14 13
13 12
12 3
12 11
3 2
11 2
2 1
1 16
16 15
16 17
17 20
17 18
7 8
7 22
22 21
7 21
21 20
20 19
19 9
9 10
21 28
28 27
76 36
27 36
27 26
26 25
25 24
24 23
23 29
29 30
25 33
24 32
32 31
32 35
31 34
35 34
23 37
33 38
38 37
29 43
30 46
42 43
43 46
43 48
46 48
46 47
47 79
79 80
80 52
42 40
40 41
26 75
75 39
33 75
78 41
39 78
78 44
44 45
36 77
77 39
77 45
44 45
44 51
51 50
41 50
51 53
45 54
50 49
48 49
48 80
49 81
81 52
77 45
52 55
28 74
74 65
65 64
65 71
68 71
68 67
71 73
73 70
73 72
72 69
69 70
70 67
67 62
28 76
76 88
88 62
62 61
61 93
93 92
92 66
61 60
60 66
66 91
91 57
60 59
60 83
83 55
55 82
82 57
59 90
90 89
89 58
59 87
87 56
56 86
86 58
58 57
56 63
61 84
62 85
